anode_ocv_table_start
4=col
0x12927947=crc
0.573986549999999984, 0.392417288059822900, 0.314084334653684016
0.269640820216137000, 0.240486149956103124, 0.223088202657250045
0.217479393104402896, 0.214112292408155658, 0.210814787819200045
0.206912968641540906, 0.202346252104642160, 0.197362932146215531
0.190884224292893423, 0.182870747688314350, 0.176121007227040577
0.170379267496684139, 0.165017694791271430, 0.159330832098150299
0.153979092503254478, 0.149360100223713460, 0.146244607895530981
0.143937751766316901, 0.141782995544637330, 0.139737020842267218
0.137982985586435292, 0.136579008106888611, 0.135479987653852163
0.134596380537653382, 0.133896773731533303, 0.133321625094931062
0.132827257488796147, 0.132387519238936380, 0.132012878388935329
0.131652190150078563, 0.131334268999231230, 0.131028456699967211
0.130728604272681431, 0.130459255742228997, 0.130162630976669080
0.129870186392079368, 0.129580839197887376, 0.129264502658231445
0.128926281562778855, 0.128577553079507079, 0.128161855006906134
0.127691326702067759, 0.127169228595222061, 0.126527603819244716
0.125718413891121678, 0.124646281501755191, 0.123113963356594636
0.120720729613225830, 0.116658749705737794, 0.110780086333529731
0.106145094489729946, 0.102508091029174103, 0.099420617752312673
0.097112778379117443, 0.095536454960105474, 0.094481620490565063
0.093724790213628728, 0.093173826609650123, 0.092733735813523441
0.092399366579317993, 0.092138825693630771, 0.091920657008101786
0.091708006504758938, 0.091556176424431202, 0.091386657241247699
0.091251481173842464, 0.091098387830969935, 0.090964717661178723
0.090870145777309924, 0.090735283477384507, 0.090622217837834224
0.090490608231394126, 0.090377075414855929, 0.090246783319247209
0.090108338536708035, 0.089986735819425318, 0.089833394308959993
0.089669663495418842, 0.089506167017141078, 0.089316458183150038
0.089110383521721653, 0.088881616532063668, 0.088610185986225665
0.088311490756552147, 0.087979969461219415, 0.087546279594040349
0.087065562609471403, 0.086442229247125510, 0.085676582422683695
0.084660413295617645, 0.083274547128274007, 0.081442893680365697
0.078570227613574239, 0.073955461769713016, 0.066839390428389545
0.055127434758700807, 0.032346447502739378, 0.747998249999999976
0.491798547433924038, 0.384641333799426555, 0.312692914724946036
0.259695360516072393, 0.226190048371774144, 0.218708459588030479
0.215974630599024497, 0.213980179828343164, 0.211978637830568722
0.209511289594013966, 0.205954388963772050, 0.199842543376788612
0.191119786241728373, 0.183608510358831273, 0.176979991220811456
0.170184167286665494, 0.164004094376251464, 0.159292992574120995
0.154824448882617205, 0.150315959398329702, 0.146131193163506895
0.143048508615959941, 0.140209748834227321, 0.137607494008898434
0.135587220289020927, 0.134052279530204682, 0.132745437366542540
0.131597402497262012, 0.130667491281433512, 0.129972467980843664
0.129440970468231997, 0.128999768751892369, 0.128649831481669752
0.128362828156340147, 0.128061544784635606, 0.127813672298971198
0.127547650560693060, 0.127305146422422077, 0.127045753001075290
0.126803059898377257, 0.126522525378661349, 0.126229564520355136
0.125927893996202800, 0.125586306041021223, 0.125213616239078535
0.124792311925079419, 0.124287709903709104, 0.123649149889862975
0.122856800655292281, 0.121787030204177693, 0.120186852261308263
0.117534574330803304, 0.112616176532290516, 0.105071032343325099
0.099032331824160602, 0.095535194316255706, 0.093631286779336548
0.092547042453357653, 0.091870742865786448, 0.091408823864094477
0.091080008310440608, 0.090810343126374898, 0.090601963620952630
0.090425554587793971, 0.090272057992430932, 0.090131817480194235
0.090022168479830578, 0.089898991257044827, 0.089795109444802651
0.089692929172794186, 0.089590518264976632, 0.089485979713851596
0.089384469127016822, 0.089289213137640711, 0.089184433254706541
0.089084753215958754, 0.088972968053251583, 0.088860494385249386
0.088725561553842730, 0.088587787815533142, 0.088470631999752164
0.088321089938520947, 0.088184647869642530, 0.087988568550584456
0.087817550822896800, 0.087584847910942690, 0.087345748189399303
0.087053358795536273, 0.086696400372594601, 0.086237320750043506
0.085704525825934116, 0.084989204186525058, 0.084054453938311957
0.082793858415252455, 0.080944159590426293, 0.078022916941100348
0.073106135502755742, 0.064676546243814165, 0.050309924191785899
0.025982593087106046, 0.862540366666666558, 0.532894160628605729
0.412621476002516696, 0.334013323228179893, 0.276563264864754521
0.234883203932666790, 0.219666090297566147, 0.216535834797921600
0.214665716910243415, 0.212974662024596390, 0.210990984007981691
0.208223676460054602, 0.203134389737822274, 0.194608063983836593
0.186900357946636175, 0.180102546364608096, 0.173088166617604761
0.166547511988221569, 0.161694980464872407, 0.157323809901510403
0.152806628757962110, 0.148433403344365139, 0.145200126702790283
0.142327758591243553, 0.139439586213572581, 0.136620852767562528
0.134338494542012521, 0.132140447770453445, 0.130206389295150854
0.128955833199116410, 0.128148306501095405, 0.127575481517899186
0.127140622561497552, 0.126795501012472167, 0.126481051204645006
0.126224144944246691, 0.125967084627571557, 0.125727160392567899
0.125493017956243458, 0.125259043373128209, 0.125019741299138371
0.124779809884880730, 0.124519266017004804, 0.124226136399682927
0.123930803055269892, 0.123586387400018594, 0.123194722983206287
0.122726997009122041, 0.122178447014524114, 0.121497971346600855
0.120564854865630885, 0.119187492988848343, 0.116878334580761287
0.112315850698426242, 0.104824904709779662, 0.098353075814121449
0.094716950012676618, 0.092965907930106270, 0.092041760962327371
0.091470575915033200, 0.091090219808315831, 0.090797549711067085
0.090570670488296090, 0.090387432715052521, 0.090213914595934572
0.090084102515970391, 0.089949654579176072, 0.089832499409165323
0.089731873219772981, 0.089622693583327209, 0.089514543211646189
0.089422723417311903, 0.089323922987876059, 0.089232600653214159
0.089127350294324170, 0.089023809087288366, 0.088925226221369405
0.088829132093320815, 0.088725744806696191, 0.088605554948155030
0.088502853314099086, 0.088384391509045188, 0.088250837448551445
0.088114900804672228, 0.087953674962921377, 0.087781520321385573
0.087586234162571067, 0.087363107889816272, 0.087100916302136580
0.086779265320950538, 0.086390194913759988, 0.085893036066425024
0.085264016278334076, 0.084428198739994478, 0.083226246796461290
0.081455323362329232, 0.078628087033453420, 0.073812365846550695
0.065628210101354403, 0.051579137919469609, 0.027961553244532412
0.862516291013039171, 0.539177026910037549, 0.418344749481140254
0.339352478700510940, 0.281585205955095230, 0.238689092324103402
0.220576917037554332, 0.216858447443544794, 0.214792939301838931
0.213014707418817340, 0.211016075729785951, 0.208288607577508916
0.204053520638560221, 0.196043162427200435, 0.188115072066020322
0.181165403586939444, 0.174427309400918079, 0.168116874259786581
0.163119774450519200, 0.158256850912327246, 0.153571584223650887
0.149889247367597817, 0.147269062911739052, 0.144389470860600028
0.141287753150233369, 0.138084949900273035, 0.135373933146495345
0.133081780990426973, 0.130309374996455923, 0.128056911852688776
0.126610112380113798, 0.125674475603157559, 0.125040541804716770
0.124575652769660691, 0.124206525389417122, 0.123894920143268417
0.123635597399604502, 0.123382028655770346, 0.123157707315361686
0.122923646720270618, 0.122684178194233037, 0.122448389232765131
0.122221699868795317, 0.121936138210441247, 0.121649117800458118
0.121329430140998229, 0.120957719089036783, 0.120519438574936591
0.119992044116454741, 0.119297233749577555, 0.118324066567131181
0.116710485351239610, 0.113591353824822452, 0.108745611808824583
0.105359689014552213, 0.102346625228080759, 0.098146557779444601
0.094946968515428429, 0.093061189817735437, 0.091942282245577059
0.091235152191864857, 0.090744387428732795, 0.090395961422433446
0.090116542662652996, 0.089907142321475911, 0.089723293280874292
0.089571176537837818, 0.089441738668390072, 0.089323540987254244
0.089210647403033097, 0.089106039022836023, 0.089018995228552431
0.088925590771304866, 0.088839977800498418, 0.088747837218248013
0.088656369620099776, 0.088576882840737073, 0.088490776674135754
0.088391363060245323, 0.088303886724732258, 0.088201405659352139
0.088105747961020719, 0.087997649636521236, 0.087877285312966569
0.087730620085215552, 0.087584984147184852, 0.087409164181101395
0.087206258454300675, 0.086969621539978739, 0.086677532166386850
0.086326362742420934, 0.085872171674564471, 0.085299531773402770
0.084556821906504917, 0.083493939564964759, 0.081948378890250820
0.079585828166356856, 0.075736852945670785, 0.069386409420548800
0.058679283104084802, 0.039401376785578937
anode_ocv_table_end
weight_table_start
4=col
0x63b31e04=crc
0.52757301598019268, 0.50454402323113479, 0.48456783720253765
0.46764445789440112, 0.45377388530672541, 0.44386173893630998
0.43492200951990895, 0.42950018867546291, 0.42758152617956635
0.42658757649167639, 0.42567755088480136, 0.42376858740154638
0.42111768157213364, 0.41739204909745853, 0.41252572343520749
0.40721566252288138, 0.40180814134069098, 0.39618866258062774
0.39048132014304476, 0.38507853792333574, 0.38033928432574649
0.37627462755520358, 0.37267602060246363, 0.36929476387623655
0.36603893955864952, 0.36311962682365068, 0.36063875496899062
0.35857618065401975, 0.35685697935459337, 0.35542204073103029
0.35420408101320672, 0.35317300741020791, 0.35229195670135199
0.35155811820808447, 0.35098057299362589, 0.35029559722746778
0.34980327652228810, 0.35012596197659102, 0.35052043843039082
0.35311874533847631, 0.35751822013379397, 0.36310723569328107
0.36904286800615743, 0.37454453800706616, 0.37976513728641265
0.38370967573851017, 0.38802563194603307, 0.39250062419916981
0.39685671872115497, 0.40071811286859332, 0.40276980175472643
0.40185143087070013, 0.39815303057188745, 0.39260511195457676
0.38657724880666849, 0.38166034268683524, 0.37915224350796051
0.37910109393670699, 0.38068054615945923, 0.38374285842846073
0.38804775733059510, 0.39296358653964125, 0.39819952227573718
0.40369191886918615, 0.40941076733024639, 0.41537733669654786
0.42164033305224935, 0.42826425760467868, 0.43502606334134891
0.44188360756737904, 0.44883450187629281, 0.45583130971642527
0.46285961110398133, 0.46991093351003493, 0.47698961419152569
0.48407258926830676, 0.49117967815677366, 0.49824613194625827
0.50519095085144095, 0.51199128734753208, 0.51860039603784414
0.52498788010369080, 0.53104605724069820, 0.53667006406015394
0.54178165750564455, 0.54657738257252808, 0.55123385890637489
0.55591104435493532, 0.56071538853583747, 0.56564776108842907
0.57062498334540235, 0.57543401495213176, 0.58028931293544661
0.58514461091876135, 0.58999990890207521, 0.59485520688538984
0.59971050486870436, 0.60456580285201933, 0.60942110083533396
0.61427639881864859, 0.61913169680196345, 0.44613502779479336
0.43897630954255845, 0.43207208210610104, 0.42542234548542113
0.41902709968051849, 0.41315572724505167, 0.40543050922654189
0.40071581556602398, 0.40184599000666643, 0.40472323618931982
0.40548903841162925, 0.40365577315537143, 0.39949097953592583
0.39317821981374862, 0.38588751579953789, 0.37889903351820764
0.37316210735167660, 0.36724476430377029, 0.36123002841876306
0.35529245394561987, 0.34974064343736638, 0.34442046193451781
0.33944474518780637, 0.33514555488132802, 0.33158460798295553
0.32858587810788970, 0.32604421440969528, 0.32401012235614129
0.32235195168075631, 0.32097022071999071, 0.31981943927094758
0.31886209859271092, 0.31808959821054061, 0.31749139382090819
0.31702716283583260, 0.31666301614101233, 0.31591988048380099
0.31529231149585529, 0.31606958361511073, 0.31733928528152544
0.31947472656128739, 0.32362891779346886, 0.32864589832064783
0.33329651462821935, 0.33662879776810856, 0.33991002869467724
0.34171765382108787, 0.34177555705716528, 0.34266871561591916
0.34342681782814327, 0.34388178756536270, 0.34281657953860484
0.33883041750025628, 0.33213642857429426, 0.32408003222140991
0.31648624693092015, 0.31117161089356316, 0.30924114828457949
0.31028828959424171, 0.31266962383255509, 0.31564108881204234
0.31895860570010343, 0.32250498995381954, 0.32622912153432282
0.33008212223169098, 0.33407799816670908, 0.33815104544001701
0.34222078694920077, 0.34626360263866118, 0.35023164424017217
0.35409815617989276, 0.35508457266557075, 0.35910112623816448
0.37211691920715728, 0.39157395068443507, 0.41421260550810640
0.43650756544055574, 0.45469338561643291, 0.46481207062992541
0.47166211456732160, 0.47951959801477589, 0.48867534652458855
0.49800752485212979, 0.50744895462462991, 0.51693489227476275
0.52634204663329764, 0.53553839553163896, 0.54389497218598148
0.55124244272192824, 0.55799669045850231, 0.56443102652393196
0.57084628617861510, 0.57754130856823738, 0.58457109644918659
0.59158593665602566, 0.59838271164436685, 0.60517687691561739
0.61199795561158443, 0.61881903430755136, 0.62564011300351829
0.63246119169948545, 0.56979998708898805, 0.53536666444876180
0.50606807566069723, 0.48190422072479377, 0.46287509964105172
0.45236303978995868, 0.44150700604057924, 0.43595765860079505
0.43631108172185135, 0.43911489615422056, 0.43996110779805925
0.43861661744937958, 0.43479535844121259, 0.42870191519261774
0.42108800326507406, 0.41255057885001939, 0.40444455268893781
0.39702608600919975, 0.38986656792221719, 0.38311618867970243
0.37701112639766110, 0.37135731674512379, 0.36602206281368238
0.36111962215875126, 0.35664952082193757, 0.35243285486744086
0.34837538432526166, 0.34483169537559005, 0.34141396083246550
0.33952552291357752, 0.33887560069344885, 0.33920942459167130
0.34008837588711210, 0.34103481798678736, 0.34166517172380700
0.34151628087062524, 0.34164866166095154, 0.34194470361667978
0.34231902579848783, 0.34275519339599864, 0.34320852461547691
0.34365220770469740, 0.34402952021892758, 0.34434940743828157
0.34461339051799483, 0.34437291123239810, 0.34383082030715578
0.34473544917393789, 0.34664664733778405, 0.34908872736384611
0.35148507907253607, 0.35224164544962899, 0.34932087184872601
0.34194478398059275, 0.33417867921094641, 0.32700917530937496
0.32192183020724718, 0.31996147297788219, 0.32068647867883310
0.32244805293105083, 0.32424866165994792, 0.32405865180202004
0.32777287505537672, 0.33499669310453839, 0.34451954765207699
0.35495875940930899, 0.36480277040145437, 0.37252406308347796
0.37642593765180737, 0.37948821925854437, 0.38345918672774276
0.38720536095906205, 0.39071835283277256, 0.39399371501457353
0.39663197964670882, 0.39786531473252795, 0.40319844488547052
0.41065788909976009, 0.41696658331503827, 0.42791933998313381
0.44253312784741433, 0.45816003755980234, 0.47182280321961140
0.48776455427461907, 0.50140453255846884, 0.51044332396239323
0.51846183788043398, 0.52729951444602208, 0.53563107521218067
0.54330648488597377, 0.55021162789414568, 0.55676666948984577
0.56321855884527638, 0.56975827407709789, 0.57640009359722044
0.58318571212371284, 0.59007140132732472, 0.59680928519237886
0.60348436711230624, 0.61009664708710654, 0.61664612511677985
0.62247561521487538, 0.58650754295840546, 0.55546570300444920
0.52935009535300637, 0.50816072000407730, 0.49419292032465867
0.48059147783971728, 0.47331681372384787, 0.47373386587695909
0.47716938234812667, 0.47878112174492160, 0.47834582147615279
0.47510605132815525, 0.46897021166884167, 0.46051036458559014
0.45092314653726173, 0.44081463436791934, 0.43179429443258560
0.42349754752939467, 0.41611666139088843, 0.40970340260546506
0.40381129862876447, 0.39795698937584328, 0.39157834386648449
0.38525678754828302, 0.37888096439554531, 0.37250844536883737
0.36646871075348719, 0.36098452419339849, 0.35621632220071309
0.35216632109286128, 0.34875040850840450, 0.34606438230296199
0.34379717325631409, 0.34061164615908995, 0.33976004817411559
0.34084155469038629, 0.34314045415694078, 0.34588393317093774
0.34735633094837176, 0.34921449665677012, 0.35027012843217437
0.35222737594922426, 0.35484375925690764, 0.35695613684136945
0.35795718281511668, 0.35718269196312485, 0.35629467908251733
0.35565595590190330, 0.35491256320608872, 0.35332890990143978
0.35023118867774994, 0.34609035259129306, 0.34106549947801629
0.33517018367348017, 0.32939771120907319, 0.32435081068951338
0.31869959514925361, 0.31280890590961308, 0.30782386454453020
0.30425703388265174, 0.30196650667192887, 0.30114716827925625
0.30204835543545611, 0.29984853918225529, 0.30060692586715460
0.30760672391053601, 0.31887040651158510, 0.33223637712075760
0.34528802773475220, 0.35545620890223362, 0.36014882066518472
0.36030619169076405, 0.36318244474336409, 0.36714928229729726
0.36706691585465873, 0.36527945836876707, 0.36372318757676403
0.36413492216015109, 0.36791583652663379, 0.37605004412049231
0.38909109143590487, 0.40121924831792666, 0.41390943765273297
0.42731037977258790, 0.44143421981047426, 0.45608750565198086
0.47099164177601804, 0.48596530978963393, 0.50087226739517765
0.51565312909033911, 0.53034932250171773, 0.54509517704771870
0.55991315840130740, 0.57469580637930617, 0.58948138858632171
0.60426697079333769, 0.61905255300035356, 0.63383813520736965
0.64862371741438563, 0.66340929962140183
weight_table_end
origin_ocv_table_start
4=col
0xc5a444aa=crc
3.2638175000000000, 3.4906879435138394, 3.5806160950716817
3.6314626390727938, 3.6645778823608950, 3.6848163171438904
3.6922989674939819, 3.6969692940683392, 3.7013129727099150
3.7061254292088108, 3.7115984179438151, 3.7173235992480143
3.7246219949959443, 3.7332807422460625, 3.7406021363387483
3.7469094741636884, 3.7529259615727661, 3.7591546984420039
3.7651043340149748, 3.7704632533981561, 3.7743896178614000
3.7776798508825600, 3.7809230069028241, 3.7842214714890199
3.7873297136043904, 3.7903255033057959, 3.7931875413316427
3.7960513585512228, 3.7989514406281550, 3.8019526349830790
3.8050464393018704, 3.8082711393490154, 3.8116728213563391
3.8151567202251493, 3.8188398444091005, 3.8227512876549645
3.8267602497130393, 3.8309878858644550, 3.8354510909964112
3.8400324471282801, 3.8448307498385139, 3.8498220689992699
3.8550630930612915, 3.8605019979474609, 3.8661244961418202
3.8719999057521877, 3.8781850903721624, 3.8846331822646540
3.8915289503189845, 3.8988334510443532, 3.9068778663468984
3.9160646657507376, 3.9272488237231040, 3.9400975108484086
3.9517003752076807, 3.9627192409642467, 3.9733442196449906
3.9834537729413158, 3.9930769117526452, 4.0024794565430000
4.0117490578266386, 4.0212311510661198, 4.0308397939062335
4.0406211490565456, 4.0505186273587963, 4.0606947203171151
4.0709968342237328, 4.0814703581229388, 4.0920817465699821
4.1029705456897076, 4.1139908178722733, 4.1251439274488426
4.1364369386691315, 4.1479313961127282, 4.1595190061459810
4.1712547587644693, 4.1831338345506008, 4.1950813626634735
4.2071097816061283, 4.2191895166635298, 4.2313216512775345
4.2435004161679277, 4.2557237732631918, 4.2679284624172240
4.2800698593439819, 4.2920595190050523, 4.3039077513984498
4.3156625228220502, 4.3271100694301516, 4.3383492077715022
4.3493406367027312, 4.3601243787029542, 4.3707483874492405
4.3811938875419276, 4.3918961895438517, 4.4027645115907657
4.4142024373477309, 4.4268629127072057, 4.4418234280016371
4.4614258181137547, 4.4930719999999997, 3.1194090000000001
3.4020711899767102, 3.5159929636698735, 3.5917331436404094
3.6472047807451538, 3.6825482185130167, 3.6912637649884759
3.6948767641735571, 3.6975492709654807, 3.7000666420876769
3.7029908132314953, 3.7070485511625026, 3.7137057534834677
3.7229136192233252, 3.7308057272942428, 3.7378563875761692
3.7452266391779769, 3.7519295454571004, 3.7572118605558447
3.7623850775811754, 3.7676877018548383, 3.7729321740888873
3.7772007352557226, 3.7814196546372356, 3.7855474062264998
3.7892179935620995, 3.7926411198016652, 3.7960238160587032
3.7994489060571963, 3.8027537560081228, 3.8060023152663125
3.8092778298585896, 3.8125775186234323, 3.8161025174661205
3.8197505571802006, 3.8234990286300179, 3.8274401230351076
3.8315570426591332, 3.8359286843291134, 3.8403611230961685
3.8450311976998401, 3.8498730142643653, 3.8549184229585207
3.8601446251692764, 3.8655971988578992, 3.8712526484435585
3.8772198298632534, 3.8833623310123437, 3.8898403272394022
3.8967575519445226, 3.9042197558378313, 3.9124792359386911
3.9222430794383243, 3.9346389754248783, 3.9494433466374987
3.9626403338805356, 3.9734676055726164, 3.9829985960383385
3.9920117469742831, 4.0009297627995304, 4.0100011875477577
4.0191934494153516, 4.0286147203028593, 4.0381732845959268
4.0480323710811650, 4.0580384218783703, 4.0682515668365262
4.0786333220467821, 4.0892510039389558, 4.1000126989005174
4.1109943676983987, 4.1220889843647406, 4.1333772262787818
4.1448568989862560, 4.1564125153469318, 4.1682045629461513
4.1801171602699148, 4.1919546171125566, 4.2039594834652592
4.2161189053994619, 4.2282325044774520, 4.2404350915412667
4.2526408042922057, 4.2648241355626491, 4.2769066814184091
4.2889525043074830, 4.3007226228307935, 4.3123674921923572
4.3238770588979385, 4.3349917943470757, 4.3459807823554772
4.3568145641920157, 4.3674172055261664, 4.3780679865277552
4.3887809690190931, 4.3998484609254227, 4.4115587590110401
4.4247913275955488, 4.4409003238868703, 4.4627224236828251
4.4953430000000001, 3.0284499999999999, 3.3688765534167628
3.4920870152346963, 3.5724008038340433, 3.6312062499062669
3.6737193375189947, 3.6896901710293846, 3.6934051616635739
3.6956958286382071, 3.6977638040722653, 3.7000891318224904
3.7031335004454404, 3.7086495403103537, 3.7175181221572493
3.7255759775165642, 3.7327966727360824, 3.7402954981130456
3.7474000734240547, 3.7529662693913917, 3.7581621644231511
3.7636646817988511, 3.7692388236982111, 3.7737588402040494
3.7781717309939022, 3.7827896573376751, 3.7874353645170129
3.7917328760846867, 3.7961441287651394, 3.8006174563181272
3.8044041394547645, 3.8078007947274202, 3.8111654709563556
3.8145646197416885, 3.8180974956310809, 3.8217605909852108
3.8256145380044706, 3.8296206807534392, 3.8337148920339317
3.8380515690782055, 3.8425455936520883, 3.8472187518233039
3.8521350637079057, 3.8571841478967435, 3.8624466911060886
3.8680046392495187, 3.8737946939705061, 3.8798336816180172
3.8860927158483043, 3.8927324004527493, 3.8996860887290414
3.9071948393801272, 3.9153805489931410, 3.9250728544117401
3.9372894393996778, 3.9523592630882654, 3.9661792999487453
3.9773192490791529, 3.9868551816130995, 3.9959578134858140
4.0049336522241132, 4.0140315982932089, 4.0233818345387222
4.0328987954084203, 4.0426703666893751, 4.0525526371369720
4.0627321382403307, 4.0730643150672927, 4.0836408646797517
4.0943743922174853, 4.1052730712250671, 4.1164255723161309
4.1276807885155868, 4.1390780598907284, 4.1506288455033600
4.1623568066353682, 4.1741852045754007, 4.1860493504875480
4.1981299963453500, 4.2102079120742255, 4.2223182999338897
4.2345508885941685, 4.2467218612873490, 4.2588817156548124
4.2710358309433145, 4.2829984664983733, 4.2948060949500730
4.3065343929465572, 4.3179662769605116, 4.3292033556817744
4.3402261041861232, 4.3509733186876582, 4.3616547837078166
4.3720637116087078, 4.3824435476531463, 4.3928605565723950
4.4034964291318675, 4.4148556987617384, 4.4278170202257163
4.4436782139790978, 4.4651108416824590, 4.4965388333333332
3.0288388333333338, 3.3587079958425257, 3.4817412654095619
3.5622084487105941, 3.6210497456776145, 3.6648411868827200
3.6837025171136415, 3.6878778851444491, 3.6902787747910444
3.6924213671263169, 3.6946966266005012, 3.6976499580426547
3.7023215510124849, 3.7107980732931520, 3.7192007964454419
3.7266262328879574, 3.7340330156486115, 3.7411001099216694
3.7469461081654454, 3.7529684961472962, 3.7588604046250995
3.7639295351729349, 3.7682771391883292, 3.7729859807396786
3.7781785766837168, 3.7835972379814629, 3.7885343787053984
3.7935043962700461, 3.7991299630353410, 3.8040944679427704
3.8082935773295099, 3.8123250186857738, 3.8162898259086950
3.8202690426186998, 3.8243550947769851, 3.8286246978465943
3.8330477332571853, 3.8376787650725972, 3.8424129349898082
3.8474153204861481, 3.8525901837290886, 3.8579679423802919
3.8636377619935813, 3.8695759274442385, 3.8756318356005632
3.8819926372027234, 3.8886187325740789, 3.8955863417654339
3.9028406737156374, 3.9105683628453995, 3.9188631749384499
3.9282654967218584, 3.9394799046906122, 3.9521328273684326
3.9635043928717031, 3.9754180945355397, 3.9884220388837015
4.0000275732811241, 4.0105052842873556, 4.0205329107037722
4.0305259789719559, 4.0406154221041959, 4.0508042103046478
4.0611744386045876, 4.0718123180962884, 4.0825994560982179
4.0935590765730447, 4.1047241992288015, 4.1161116938365891
4.1275968824849700, 4.1392052837053415, 4.1510579031549035
4.1629119766961331, 4.1748751864088751, 4.1870238327678839
4.1992016976908664, 4.2114503190752162, 4.2237466379621909
4.2360533804310210, 4.2483407802551731, 4.2605836005800990
4.2727897600883376, 4.2847371998905928, 4.2965614156149599
4.3081436486195015, 4.3195160852542385, 4.3306629857796191
4.3415575785953573, 4.3520852196504132, 4.3623254187960789
4.3722550520580361, 4.3819434878074297, 4.3913716724434320
4.4006144186173763, 4.4097418222671783, 4.4189972697504052
4.4287770010438043, 4.4397366509209917, 4.4529476466580435
4.4702745485524265, 4.4965003333333327
origin_ocv_table_end
temp_break_points_table_start
4=col
0x57b4fd9b=crc
10.0, 20.0, 30.0, 40.0
temp_break_points_table_end
max_limit_list_table_start
12=col
0x64eaf1a0=crc
4.6, 50.0, 5.5, 1.0, 0.0, 0.0, 0.0, 0.0, 11.4, 10.9, 10.9, 10.9
max_limit_list_table_end
min_limit_list_table_start
12=col
0xdcd42e45=crc
2.9, 10.0, 0.5, 0.0, 0.0, 0.0, 0.0, 0.0, -11.4, 1.8, 1.8, 1.8
min_limit_list_table_end
initial_charge_current_table_start
6=col
0x0=crc
0.0, 0.0, 0.0, 0.0, 0.0, 0.0
initial_charge_current_table_end
max_voltage_table_start
4=col
0x12703653=crc
4.35, 4.45, 4.53, 4.55
max_voltage_table_end
controller_parameters_table_start
4=col
0xac0896cc=crc
3.0, 3.0, 6.0, 6.0
controller_parameters_table_end
soc_bp_3_table_start
4=col
0x2b0850b4=crc
0.0, 0.33333333333333331, 0.8, 1.0
soc_bp_3_table_end
